#PortLongitudes
LB=-118.216458
SY=151.233333
HK=114.173619