#PortLatitude.properties
LB=33.754185
SY=-33.858333
HK=22.287753